NAME : 35_3_3_3_(04).dat
COMMENT : Henke, Speranza, Wäscher, 2018
TYPE : MCVRP
DIMENSION : 36
EDGE_WEIGHT_TYPE : DISTANCE_MATRIX
CAPACITY : 2625
VEHICLES : 2
PRODUCT TYPES : 3
COMPARTMENTS : 3
NODE_COORD_SECTION
1 50 50
2 68.12 56.15
3 96.19 65.15
4 35.33 13.8
5 53.11 66.48
6 52.9 87.03
7 15.56 80.43
8 96.35 10.3
9 61.08 35.42
10 67.05 50.97
11 15.48 4.97
12 81.61 42.1
13 77.77 58.41
14 93.98 52.61
15 6.66 23.8
16 14.16 16.57
17 73.02 56.16
18 31.69 19.19
19 66.71 13.48
20 21.7 21.16
21 72.87 96.31
22 61.45 26.82
23 23.05 35.44
24 24.62 70.03
25 19.4 9.41
26 55.1 46.16
27 38.83 36.24
28 73.44 25.75
29 29.13 35.19
30 87.26 16.75
31 50.03 88.91
32 46.38 38.57
33 0.86 92.75
34 7.61 30
35 50.28 9.06
36 68.76 77.68
DEMAND_SECTION
1 0 0 0
2 82 9 22
3 131 44 26
4 66 75 7
5 30 42 55
6 38 82 23
7 87 84 58
8 111 19 0
9 116 6 29
10 7 8 44
11 44 80 6
12 79 14 21
13 65 26 50
14 83 30 24
15 16 41 11
16 112 20 57
17 119 48 33
18 98 48 55
19 62 24 12
20 56 31 23
21 69 62 9
22 7 82 39
23 87 3 38
24 49 51 19
25 85 73 32
26 67 18 53
27 85 66 59
28 61 37 8
29 42 85 5
30 49 5 4
31 126 41 49
32 87 63 19
33 9 49 8
34 57 73 21
35 102 38 29
36 128 32 57
DEPOT_SECTION
1
EOF