NAME : 30_3_3_3_(03).dat
COMMENT : Henke, Speranza, Wäscher, 2018
TYPE : MCVRP
DIMENSION : 31
EDGE_WEIGHT_TYPE : DISTANCE_MATRIX
CAPACITY : 2250
VEHICLES : 2
PRODUCT TYPES : 3
COMPARTMENTS : 3
NODE_COORD_SECTION
1 50 50
2 32.05 68.43
3 15.44 40.37
4 83.68 21.47
5 47.19 5.1
6 16.09 29.28
7 88.18 9.23
8 86.46 39.5
9 4.44 28.22
10 60.6 16.15
11 97.62 24.49
12 74.54 9.18
13 33.47 90.4
14 12.41 86.89
15 66.07 84.38
16 7.04 56.22
17 48.06 17.89
18 62.59 37.62
19 12.5 74.18
20 35.25 51.49
21 88.88 77.92
22 86.22 34.1
23 83.47 45.96
24 27.98 45.9
25 31.38 38.25
26 31.72 16.23
27 99.46 34.69
28 35.5 95.35
29 15.34 33.71
30 53.3 5.04
31 50.79 26.11
DEMAND_SECTION
1 0 0 0
2 4 18 35
3 4 17 47
4 57 6 16
5 84 9 9
6 35 61 38
7 106 48 8
8 97 53 17
9 32 47 66
10 89 32 14
11 64 62 22
12 85 35 67
13 112 47 35
14 88 54 28
15 69 9 21
16 57 30 8
17 117 46 11
18 69 43 60
19 116 48 14
20 52 70 21
21 37 74 14
22 17 2 8
23 28 72 60
24 93 49 64
25 106 24 24
26 81 15 16
27 57 64 10
28 61 64 54
29 33 71 21
30 108 43 12
31 122 36 11
DEPOT_SECTION
1
EOF