NAME : 30_3_3_3_(02).dat
COMMENT : Henke, Speranza, Wäscher, 2018
TYPE : MCVRP
DIMENSION : 31
EDGE_WEIGHT_TYPE : DISTANCE_MATRIX
CAPACITY : 2250
VEHICLES : 2
PRODUCT TYPES : 3
COMPARTMENTS : 3
NODE_COORD_SECTION
1 50 50
2 11.19 10.95
3 51.75 73.49
4 3.83 31.85
5 14.02 2.72
6 16.28 61.61
7 88.72 78.41
8 91.59 89.31
9 74.77 13.55
10 59.29 57.08
11 60.4 63.57
12 45.71 99.58
13 9.3 92.03
14 88.03 64.09
15 39.15 20.37
16 11.19 27.14
17 59.51 6.39
18 65.19 94.16
19 71.61 39.13
20 15.66 76.52
21 71.19 51.91
22 17.69 47.85
23 99.82 28.75
24 99.56 80.13
25 64.39 61.21
26 58.57 23.02
27 87.14 49.72
28 6.58 20.8
29 4.18 70.63
30 90.49 2.54
31 55.22 98.71
DEMAND_SECTION
1 0 0 0
2 52 64 26
3 5 4 4
4 20 65 27
5 22 41 33
6 59 78 1
7 45 50 4
8 90 29 47
9 115 67 25
10 13 75 54
11 9 33 39
12 56 43 8
13 115 17 15
14 108 10 14
15 116 0 8
16 18 68 21
17 100 16 27
18 6 13 31
19 96 5 24
20 114 46 36
21 103 53 42
22 20 56 27
23 117 49 14
24 114 40 26
25 82 13 24
26 63 33 38
27 55 33 17
28 1 82 55
29 107 86 30
30 115 62 55
31 116 1 50
DEPOT_SECTION
1
EOF