NAME : 30_3_3_3_(05).dat
COMMENT : Henke, Speranza, Wäscher, 2018
TYPE : MCVRP
DIMENSION : 31
EDGE_WEIGHT_TYPE : DISTANCE_MATRIX
CAPACITY : 2250
VEHICLES : 3
PRODUCT TYPES : 3
COMPARTMENTS : 3
NODE_COORD_SECTION
1 50 50
2 44.19 10.73
3 96.73 21.5
4 20.47 51.91
5 8.87 43.44
6 30.58 23.7
7 3.66 85.45
8 56.78 34.5
9 47.86 22.61
10 99.1 82.95
11 79.28 14.74
12 17.6 14.47
13 67.5 67.55
14 71.15 63.32
15 32.89 7.88
16 40.67 95.73
17 9.26 28.38
18 34.27 59.03
19 92.69 13.65
20 28.42 7.62
21 32.27 70.97
22 5.94 10.88
23 41.19 3.62
24 9.09 9.16
25 16 51.75
26 70.56 93.68
27 19.16 87.77
28 0.36 65.77
29 65.56 91.23
30 80.58 25.27
31 70.62 51.97
DEMAND_SECTION
1 0 0 0
2 9 24 40
3 82 84 23
4 69 86 17
5 95 80 49
6 38 90 18
7 134 30 52
8 110 15 45
9 91 39 57
10 60 45 22
11 122 51 23
12 107 20 4
13 143 72 14
14 50 79 53
15 103 8 35
16 33 74 10
17 12 26 56
18 59 19 11
19 60 48 32
20 47 41 45
21 18 77 32
22 11 36 25
23 113 22 45
24 23 74 4
25 151 9 31
26 113 42 39
27 48 86 9
28 136 55 35
29 122 35 18
30 122 49 45
31 82 1 55
DEPOT_SECTION
1
EOF