NAME : 35_3_3_3_(03).dat
COMMENT : Henke, Speranza, Wäscher, 2018
TYPE : MCVRP
DIMENSION : 36
EDGE_WEIGHT_TYPE : DISTANCE_MATRIX
CAPACITY : 2625
VEHICLES : 2
PRODUCT TYPES : 3
COMPARTMENTS : 3
NODE_COORD_SECTION
1 50 50
2 25.67 74.6
3 12.67 49.65
4 91.51 41.46
5 77.98 34.26
6 78.29 6.34
7 92.43 73.5
8 47.34 39.67
9 74.84 92.52
10 10.1 65.69
11 66.56 46.95
12 95.04 25.86
13 60.3 51.43
14 62.41 47.88
15 89.97 87.78
16 16.65 70.96
17 44.27 85.4
18 59.32 55.53
19 8.68 89.94
20 28.05 9.15
21 98.62 83.32
22 39.49 63.02
23 73.06 83.77
24 17.14 3.44
25 55.9 78.23
26 16.06 70.81
27 0.57 13.87
28 91.38 29.04
29 19.1 41.34
30 34.98 41.03
31 32.53 36.57
32 80.98 31.63
33 48.54 48.98
34 89.13 33.74
35 89.52 41.35
36 68.37 98.8
DEMAND_SECTION
1 0 0 0
2 67 55 12
3 55 21 45
4 51 76 51
5 108 6 4
6 117 40 38
7 139 38 26
8 9 6 13
9 37 64 23
10 45 51 15
11 57 41 37
12 39 2 8
13 127 29 36
14 4 71 40
15 144 67 14
16 67 9 25
17 24 42 11
18 132 20 4
19 82 40 47
20 132 61 39
21 25 20 8
22 63 10 44
23 88 19 4
24 124 19 19
25 27 55 6
26 55 12 40
27 81 41 21
28 120 55 42
29 28 82 24
30 52 69 33
31 123 58 33
32 46 70 50
33 45 44 38
34 3 61 25
35 45 38 41
36 21 36 38
DEPOT_SECTION
1
EOF