NAME : 35_3_3_3_(01).dat
COMMENT : Henke, Speranza, Wäscher, 2018
TYPE : MCVRP
DIMENSION : 36
EDGE_WEIGHT_TYPE : DISTANCE_MATRIX
CAPACITY : 2625
VEHICLES : 2
PRODUCT TYPES : 3
COMPARTMENTS : 3
NODE_COORD_SECTION
1 50 50
2 39.79 86.95
3 84.42 19.01
4 0.46 71.85
5 47.71 89.62
6 6.94 24.38
7 6.05 2.42
8 48.88 64.36
9 93.95 23.51
10 93.76 72.9
11 23.25 55.77
12 9.29 4.96
13 74.07 87.83
14 17.21 11.27
15 86.79 95.11
16 88.41 19.54
17 4.27 28.96
18 76.19 83.89
19 15.15 52.85
20 65.64 35.49
21 24.34 18.93
22 35.89 45.12
23 80.27 63.37
24 2.37 52.06
25 12.34 77.33
26 12.89 12.88
27 57.52 25.7
28 70.7 94.16
29 80.43 91.79
30 13.73 27.06
31 10.3 15.75
32 78.65 98.57
33 37.64 60.23
34 1.98 8.2
35 60.27 3.21
36 2.26 60.34
DEMAND_SECTION
1 0 0 0
2 51 14 50
3 65 74 27
4 116 64 18
5 84 2 43
6 83 0 47
7 110 61 56
8 6 10 30
9 67 89 32
10 8 71 25
11 32 11 38
12 41 8 31
13 40 65 5
14 94 75 28
15 24 47 21
16 53 65 27
17 132 0 52
18 73 95 10
19 35 84 8
20 49 71 23
21 108 12 24
22 32 48 30
23 108 71 26
24 89 30 18
25 104 22 49
26 68 54 49
27 6 68 29
28 156 73 11
29 119 81 52
30 70 4 7
31 137 8 51
32 142 22 16
33 81 40 8
34 6 10 43
35 61 38 9
36 150 74 47
DEPOT_SECTION
1
EOF