NAME : 20_3_3_3_(01).dat
COMMENT : Henke, Speranza, Wäscher, 2018
TYPE : MCVRP
DIMENSION : 21
EDGE_WEIGHT_TYPE : DISTANCE_MATRIX
CAPACITY : 1500
VEHICLES : 2
PRODUCT TYPES : 3
COMPARTMENTS : 3
NODE_COORD_SECTION
1 50 50
2 64.22 96.18
3 16.88 45.81
4 87.25 6.05
5 19.28 92.81
6 6.99 99.05
7 32.36 38.68
8 28.48 47.98
9 79.42 32.35
10 56.79 73.66
11 24.46 47.79
12 23.59 37.73
13 97.91 34.64
14 33.42 59.49
15 8.57 8.77
16 75.77 72.13
17 9.67 86.44
18 76.1 8.19
19 12.9 70.41
20 38.33 21.67
21 88.86 63.86
DEMAND_SECTION
1 0 0 0
2 51 43 44
3 115 37 1
4 61 58 37
5 66 3 28
6 50 25 11
7 71 58 34
8 79 7 11
9 66 59 33
10 44 44 44
11 95 22 18
12 16 53 7
13 39 0 24
14 106 78 33
15 98 75 36
16 62 35 24
17 34 17 5
18 61 37 23
19 86 10 43
20 21 30 38
21 34 62 10
DEPOT_SECTION
1
EOF