NAME : 40_3_3_3_(01).dat
COMMENT : Henke, Speranza, Wäscher, 2018
TYPE : MCVRP
DIMENSION : 41
EDGE_WEIGHT_TYPE : DISTANCE_MATRIX
CAPACITY : 3000
VEHICLES : 3
PRODUCT TYPES : 3
COMPARTMENTS : 3
NODE_COORD_SECTION
1 50 50
2 44.11 87.89
3 68.82 17.24
4 5.85 64.51
5 98.95 30.26
6 77.06 1.51
7 4.24 24.46
8 49.27 29.92
9 64.52 71.34
10 23.5 71.96
11 52.07 67.42
12 64.55 70.48
13 67.08 12.71
14 42.35 26.97
15 92.49 15.53
16 73.53 7.31
17 72.88 56.07
18 5.69 12.72
19 10.5 92.34
20 85.08 68.91
21 20.07 11.45
22 54.59 15.57
23 47.64 43.67
24 7.67 98.4
25 1.56 3.98
26 45.05 50.27
27 16.02 10.59
28 85.8 71.73
29 95.09 40.73
30 36.64 12.69
31 4.29 17.87
32 49.75 31.45
33 94.14 16.36
34 92.61 56.21
35 90.58 79.77
36 51 42.23
37 47.56 72.58
38 99.65 26.41
39 41.06 25.8
40 66.14 78.86
41 89.38 19.62
DEMAND_SECTION
1 0 0 0
2 44 87 28
3 121 50 40
4 67 71 35
5 127 81 15
6 75 63 53
7 94 82 43
8 77 90 53
9 126 91 39
10 147 20 35
11 114 40 39
12 146 64 50
13 149 40 24
14 33 77 6
15 85 48 26
16 121 37 33
17 154 0 26
18 105 33 6
19 5 4 39
20 87 78 22
21 13 46 24
22 10 48 6
23 105 22 50
24 3 19 52
25 142 24 38
26 42 41 32
27 25 61 53
28 2 29 19
29 54 48 19
30 97 59 34
31 151 38 11
32 74 88 55
33 139 17 48
34 55 59 42
35 27 47 25
36 115 3 26
37 85 87 34
38 164 54 53
39 42 53 53
40 62 74 16
41 104 60 49
DEPOT_SECTION
1
EOF