NAME : 25_3_3_3_(05).dat
COMMENT : Henke, Speranza, Wäscher, 2018
TYPE : MCVRP
DIMENSION : 26
EDGE_WEIGHT_TYPE : DISTANCE_MATRIX
CAPACITY : 1875
VEHICLES : 3
PRODUCT TYPES : 3
COMPARTMENTS : 3
NODE_COORD_SECTION
1 50 50
2 88.86 84.37
3 31.82 20.02
4 30.16 74.12
5 19.46 65.47
6 65.5 73.31
7 51.49 76.97
8 23.79 28.88
9 73.28 52.95
10 59.19 10.83
11 7.36 7.43
12 14.7 26.29
13 92.15 20.2
14 68.13 9.68
15 97.21 85.11
16 6.53 80.95
17 66.17 90.65
18 57.76 6.63
19 53.25 16.89
20 52.92 21.75
21 47.43 32.06
22 20.62 30.36
23 35.1 62.16
24 20.8 76.8
25 44.21 6.02
26 0.3 20.43
DEMAND_SECTION
1 0 0 0
2 34 56 71
3 135 86 33
4 25 79 62
5 112 11 23
6 71 82 25
7 32 24 36
8 122 44 9
9 27 76 42
10 71 87 70
11 23 63 33
12 114 84 6
13 97 24 72
14 171 57 34
15 32 87 25
16 177 69 44
17 74 0 75
18 59 64 14
19 185 14 17
20 74 43 13
21 99 77 17
22 15 0 8
23 141 23 28
24 160 83 0
25 103 41 61
26 2 23 47
DEPOT_SECTION
1
EOF