NAME : 25_3_3_3_(03).dat
COMMENT : Henke, Speranza, Wäscher, 2018
TYPE : MCVRP
DIMENSION : 26
EDGE_WEIGHT_TYPE : DISTANCE_MATRIX
CAPACITY : 1875
VEHICLES : 2
PRODUCT TYPES : 3
COMPARTMENTS : 3
NODE_COORD_SECTION
1 50 50
2 55.52 26.45
3 73.9 14.15
4 23.81 0.59
5 42.9 17.97
6 52.21 44.92
7 6.09 31.9
8 76.51 28.57
9 11.85 22.35
10 37.53 32.76
11 18.51 55.44
12 81.83 51.24
13 42.22 34.53
14 21.9 95.34
15 89.66 18.16
16 96.05 87.41
17 56.46 52.24
18 95.31 44.27
19 41.63 4.37
20 46.7 51.44
21 52.75 12.46
22 13.88 2.09
23 77.03 50.91
24 17.04 67.65
25 85.01 11.25
26 48.31 3.25
DEMAND_SECTION
1 0 0 0
2 56 89 46
3 85 60 28
4 61 44 58
5 37 22 11
6 87 85 58
7 23 41 1
8 96 10 32
9 85 78 5
10 58 36 40
11 46 1 42
12 125 42 1
13 67 74 26
14 120 83 17
15 103 35 37
16 9 4 25
17 0 57 43
18 106 36 37
19 0 1 6
20 140 69 37
21 99 46 5
22 32 19 58
23 128 24 10
24 6 51 53
25 32 22 8
26 151 20 13
DEPOT_SECTION
1
EOF