NAME : 50_3_3_3_(03).dat
COMMENT : Henke, Speranza, Wäscher, 2018
TYPE : MCVRP
DIMENSION : 51
EDGE_WEIGHT_TYPE : DISTANCE_MATRIX
CAPACITY : 3750
VEHICLES : 3
PRODUCT TYPES : 3
COMPARTMENTS : 3
NODE_COORD_SECTION
1 50 50
2 44.32 57.43
3 74.51 10.51
4 39.69 41.75
5 99.57 44.17
6 51.35 97.59
7 2.6 34.51
8 33.76 73.46
9 60.13 9.36
10 1.18 81.88
11 49.36 86.22
12 11.32 98.1
13 18.76 99.23
14 16.49 11.21
15 43.61 41.74
16 58.12 62.57
17 79.34 23.62
18 58.89 61.55
19 76.76 96.43
20 11.46 76.89
21 61.31 75.87
22 16.42 75.02
23 2.04 45.83
24 63.74 16.06
25 38.54 10.06
26 99.89 72.62
27 74.61 65.22
28 17.62 26.79
29 91.52 12.1
30 73.91 82.63
31 15.77 38.54
32 37.55 77.45
33 62.03 31.17
34 73.51 18.3
35 24.31 9.16
36 86.94 25.24
37 70.31 32.8
38 61.8 22.06
39 5.59 90.7
40 23.13 3.4
41 7.05 56.8
42 45.41 80.52
43 37.2 99.71
44 27.18 64.09
45 21.67 35.35
46 80.15 5.95
47 52.26 65.43
48 25.48 59.99
49 51.65 22.09
50 2.35 22.49
51 42.36 82.72
DEMAND_SECTION
1 0 0 0
2 131 45 43
3 148 72 45
4 11 95 64
5 152 80 54
6 91 57 5
7 108 12 19
8 92 96 21
9 134 47 12
10 66 37 34
11 149 9 35
12 55 76 24
13 5 7 50
14 15 41 45
15 98 89 26
16 49 52 38
17 151 73 45
18 60 92 28
19 128 44 15
20 8 94 18
21 152 5 45
22 75 6 12
23 34 39 17
24 111 92 23
25 112 57 16
26 114 14 21
27 45 74 65
28 80 4 26
29 81 18 32
30 51 24 62
31 37 26 51
32 103 54 4
33 134 46 13
34 69 74 5
35 94 82 40
36 146 34 58
37 29 71 47
38 121 67 14
39 111 43 43
40 151 28 44
41 86 81 30
42 114 23 58
43 126 82 39
44 18 10 16
45 2 52 37
46 32 67 1
47 63 9 56
48 51 2 1
49 25 67 14
50 18 47 53
51 9 11 57
DEPOT_SECTION
1
EOF