NAME : 20_3_3_3_(04).dat
COMMENT : Henke, Speranza, Wäscher, 2018
TYPE : MCVRP
DIMENSION : 21
EDGE_WEIGHT_TYPE : DISTANCE_MATRIX
CAPACITY : 1500
VEHICLES : 3
PRODUCT TYPES : 3
COMPARTMENTS : 3
NODE_COORD_SECTION
1 50 50
2 77.31 11.75
3 93.47 44.67
4 49.66 92.21
5 51.52 36.44
6 79.73 32.14
7 2.61 54.52
8 37.9 96.06
9 11.41 21.79
10 41.32 17.63
11 14.87 5.13
12 75.25 2.55
13 7.58 17.43
14 58.01 48.59
15 63.23 21.73
16 51.96 30.63
17 52.29 74.67
18 23.84 32.8
19 71.59 33.88
20 3.17 3.45
21 24.58 98.48
DEMAND_SECTION
1 0 0 0
2 65 33 59
3 25 91 41
4 31 26 22
5 34 4 60
6 143 64 21
7 27 25 41
8 102 65 23
9 96 39 10
10 89 87 28
11 38 39 65
12 103 48 27
13 121 70 41
14 143 17 24
15 71 87 5
16 143 70 28
17 137 11 3
18 118 62 13
19 108 77 48
20 47 32 59
21 21 52 48
DEPOT_SECTION
1
EOF