NAME : 45_3_3_3_(01).dat
COMMENT : Henke, Speranza, Wäscher, 2018
TYPE : MCVRP
DIMENSION : 46
EDGE_WEIGHT_TYPE : DISTANCE_MATRIX
CAPACITY : 3375
VEHICLES : 2
PRODUCT TYPES : 3
COMPARTMENTS : 3
NODE_COORD_SECTION
1 50 50
2 80.82 90.93
3 14.75 83.69
4 17.14 20.19
5 64.53 75.98
6 67.92 99.76
7 34.48 20.42
8 13.78 58.28
9 52.99 25.34
10 8.78 26.27
11 69.21 82.91
12 25.66 14.02
13 64.67 94.18
14 45.46 38.91
15 46.4 39.49
16 74.19 67.25
17 28.1 22.37
18 26.68 18.8
19 2.67 63.5
20 83.5 21.99
21 33.92 6.64
22 88.52 0.38
23 21.73 30.24
24 8.36 29.18
25 17.61 47.9
26 29.35 42.31
27 17.24 59.35
28 49.78 5.74
29 57.74 22.62
30 55.58 39.28
31 1.77 32.15
32 20.21 39.17
33 6.65 1.41
34 93.83 74.79
35 96.27 94.45
36 13.4 43.89
37 76.92 2.25
38 63.22 15
39 4.11 49.53
40 85.37 20.13
41 20.02 91.03
42 86.45 81.73
43 45.37 32.26
44 17 19.85
45 83.96 5.98
46 82.41 6.8
DEMAND_SECTION
1 0 0 0
2 89 42 11
3 124 22 18
4 15 73 0
5 77 47 51
6 103 60 42
7 132 74 33
8 16 38 27
9 65 62 21
10 49 10 40
11 105 10 24
12 25 55 14
13 68 59 41
14 67 38 8
15 111 63 61
16 121 43 50
17 72 34 29
18 3 39 30
19 75 21 46
20 88 66 20
21 111 7 8
22 77 74 17
23 124 48 31
24 20 43 1
25 99 31 46
26 123 29 59
27 68 66 19
28 107 44 7
29 129 37 23
30 16 47 3
31 85 39 3
32 7 73 30
33 109 7 35
34 73 25 37
35 131 74 11
36 64 30 43
37 96 72 28
38 8 56 8
39 3 72 37
40 31 43 19
41 31 40 60
42 97 32 36
43 133 46 65
44 73 46 48
45 44 50 41
46 84 18 57
DEPOT_SECTION
1
EOF