NAME : 40_3_3_3_(04).dat
COMMENT : Henke, Speranza, Wäscher, 2018
TYPE : MCVRP
DIMENSION : 41
EDGE_WEIGHT_TYPE : DISTANCE_MATRIX
CAPACITY : 3000
VEHICLES : 3
PRODUCT TYPES : 3
COMPARTMENTS : 3
NODE_COORD_SECTION
1 50 50
2 49.42 62.9
3 85.39 31.2
4 82.09 20.66
5 22.09 68.28
6 13.16 10.53
7 11.36 22.59
8 8.27 13.88
9 93.55 41.5
10 26.52 73.2
11 45.52 91.79
12 2.97 2.71
13 7.17 57.41
14 53.74 75.43
15 26.8 7.87
16 58.85 98.91
17 3.07 22.22
18 7.28 86.76
19 55.41 82.15
20 82.71 21.29
21 56.28 59.12
22 68.11 25.05
23 99.77 4.73
24 24.42 70.48
25 88.29 95.19
26 23.32 17.85
27 84.99 28.16
28 66.05 4.44
29 27.97 74.02
30 13 70.64
31 20.04 51.88
32 66.67 5.78
33 5.06 13.81
34 22.08 43.99
35 19.07 32.52
36 61.07 11.58
37 76.03 84.95
38 9.13 14.49
39 48.89 67.2
40 58.8 7.25
41 44.12 5.41
DEMAND_SECTION
1 0 0 0
2 68 30 16
3 34 52 21
4 98 34 38
5 21 85 17
6 83 8 18
7 13 48 72
8 104 10 55
9 148 61 23
10 93 68 50
11 47 36 32
12 129 29 21
13 89 56 26
14 13 41 4
15 126 45 43
16 46 5 44
17 21 24 48
18 9 13 7
19 128 29 57
20 135 30 4
21 73 62 21
22 56 75 8
23 119 67 39
24 131 84 45
25 88 78 27
26 83 26 62
27 134 76 56
28 10 77 51
29 64 1 14
30 79 63 54
31 83 13 67
32 123 67 50
33 93 88 23
34 113 33 15
35 83 57 20
36 59 88 12
37 70 7 22
38 128 82 26
39 102 72 46
40 126 69 7
41 52 74 48
DEPOT_SECTION
1
EOF