NAME : 45_3_3_3_(03).dat
COMMENT : Henke, Speranza, Wäscher, 2018
TYPE : MCVRP
DIMENSION : 46
EDGE_WEIGHT_TYPE : DISTANCE_MATRIX
CAPACITY : 3375
VEHICLES : 2
PRODUCT TYPES : 3
COMPARTMENTS : 3
NODE_COORD_SECTION
1 50 50
2 69.05 95.69
3 82.89 49.15
4 2.66 41.59
5 12.34 5.15
6 59.88 81.2
7 75.85 78.94
8 28.42 95.55
9 84.94 91.48
10 42.75 82.65
11 77.35 4.1
12 9.89 10.42
13 7.96 57.3
14 61.29 68
15 20.81 97.35
16 76.09 49.53
17 42.92 84.95
18 89.27 74.99
19 20.31 83.45
20 64.08 3.31
21 17.28 52.96
22 14.41 10.55
23 2 38.89
24 73.52 5.09
25 58.25 0.9
26 10.06 95.55
27 12.52 11.08
28 0.12 17.37
29 20.57 90.43
30 73.32 1.47
31 93.91 10.67
32 22.97 67.96
33 46.87 2.93
34 95.54 94.07
35 1.73 29.62
36 41.38 18.15
37 15.82 20.95
38 37.72 62.66
39 17.12 32.42
40 16.45 70.1
41 18.3 7.71
42 27.62 7.32
43 74.59 49.82
44 51.4 27.56
45 70.5 87.45
46 27.77 77.77
DEMAND_SECTION
1 0 0 0
2 7 29 38
3 58 17 11
4 64 74 3
5 79 7 20
6 38 47 50
7 26 63 27
8 111 40 66
9 111 51 18
10 51 75 40
11 143 58 31
12 17 66 7
13 15 60 16
14 135 15 14
15 23 10 10
16 115 64 37
17 41 2 31
18 103 4 14
19 35 43 29
20 135 76 58
21 102 47 18
22 32 22 5
23 105 7 67
24 83 42 17
25 66 50 66
26 57 17 35
27 125 30 18
28 55 18 31
29 127 79 7
30 67 82 19
31 92 34 45
32 77 17 11
33 89 5 37
34 100 55 20
35 146 8 35
36 73 19 41
37 63 80 64
38 20 67 8
39 144 53 59
40 66 53 22
41 68 49 61
42 38 51 13
43 52 83 28
44 33 70 34
45 74 75 13
46 67 80 37
DEPOT_SECTION
1
EOF