NAME : 50_3_3_3_(05).dat
COMMENT : Henke, Speranza, Wäscher, 2018
TYPE : MCVRP
DIMENSION : 51
EDGE_WEIGHT_TYPE : DISTANCE_MATRIX
CAPACITY : 3750
VEHICLES : 3
PRODUCT TYPES : 3
COMPARTMENTS : 3
NODE_COORD_SECTION
1 50 50
2 12.95 19.1
3 0.7 56.56
4 22.51 19.77
5 85.54 65.98
6 76.4 22.09
7 64.37 54.08
8 58.68 29.9
9 33.97 80.11
10 89.72 22.24
11 26.52 97.3
12 58.26 97.69
13 68.32 26.09
14 2.71 37.97
15 56.05 68.66
16 25.3 73.83
17 18.48 17.66
18 40.9 73.81
19 23.65 56.71
20 44.09 4.88
21 10.04 5.39
22 8.89 21.09
23 6.15 63.63
24 85.95 66.23
25 36 57.17
26 23.98 80.24
27 40.72 77.43
28 18.77 29.33
29 84.59 62.21
30 39.81 15.78
31 66.5 61.32
32 1.97 21.18
33 92.88 10.4
34 95.82 60.56
35 39.3 35.55
36 16.29 28.82
37 1.21 71.99
38 22.86 35.65
39 76.58 48.7
40 40.75 40.78
41 71.68 9.76
42 95.98 25.83
43 15.67 3.01
44 98.28 16.49
45 75.4 78.99
46 72.82 98.32
47 40.68 18.34
48 80.6 60.55
49 69.78 93.9
50 0.67 81.66
51 5.65 39.41
DEMAND_SECTION
1 0 0 0
2 42 81 28
3 56 43 12
4 86 42 35
5 74 70 8
6 35 23 34
7 26 12 9
8 77 101 54
9 82 98 58
10 3 13 57
11 122 3 15
12 130 84 25
13 127 19 5
14 139 50 16
15 42 75 14
16 100 10 23
17 147 81 65
18 9 1 32
19 3 76 6
20 153 77 45
21 42 16 65
22 26 90 20
23 123 38 35
24 66 14 29
25 119 15 31
26 54 9 48
27 111 96 1
28 88 61 60
29 77 78 14
30 20 49 65
31 76 89 8
32 125 0 57
33 125 86 23
34 11 50 28
35 147 79 50
36 151 72 56
37 52 2 45
38 105 33 46
39 128 66 1
40 29 44 24
41 60 5 8
42 3 95 52
43 102 47 30
44 122 2 34
45 99 75 22
46 91 6 48
47 14 27 44
48 76 38 19
49 48 54 20
50 122 65 54
51 150 48 26
DEPOT_SECTION
1
EOF