NAME : 50_3_3_3_(04).dat
COMMENT : Henke, Speranza, Wäscher, 2018
TYPE : MCVRP
DIMENSION : 51
EDGE_WEIGHT_TYPE : DISTANCE_MATRIX
CAPACITY : 3750
VEHICLES : 3
PRODUCT TYPES : 3
COMPARTMENTS : 3
NODE_COORD_SECTION
1 50 50
2 83.27 9.69
3 85.1 71.67
4 0.8 50.59
5 71.93 14.66
6 18.04 4.53
7 0.26 69.76
8 88.31 98.03
9 73.77 24.96
10 80.48 62.17
11 22.09 31.21
12 93.97 84.17
13 29.46 11.01
14 4.01 29.38
15 79.89 48.67
16 57.23 12.45
17 63.43 78.47
18 22.57 90.1
19 77.03 57.09
20 36.12 7.63
21 4.74 13.02
22 49.49 88.63
23 76.79 22.82
24 14.01 67.94
25 30.71 49.83
26 67.45 10.74
27 86.63 50.48
28 21.81 47.49
29 8.89 24.1
30 50.82 33.46
31 25.92 9.39
32 32.9 18.05
33 39.55 11.71
34 75.95 60.39
35 19.79 94.64
36 22.58 71.73
37 24.24 27.8
38 53.13 8.79
39 31.85 73.86
40 11.03 70.92
41 17.87 83.22
42 80.39 99.16
43 1.57 53.44
44 0.2 60.62
45 79.21 92.68
46 85.07 68.84
47 58.84 73.25
48 20.09 10.99
49 87.86 96.23
50 14.87 43.51
51 71.08 82.47
DEMAND_SECTION
1 0 0 0
2 34 86 28
3 86 1 54
4 136 69 58
5 83 89 33
6 67 37 32
7 20 60 10
8 126 6 43
9 83 19 9
10 86 11 61
11 35 40 21
12 87 59 3
13 25 51 61
14 131 50 29
15 82 17 56
16 86 80 20
17 96 80 24
18 91 0 41
19 94 26 16
20 59 57 50
21 11 77 45
22 46 1 25
23 124 61 22
24 132 56 45
25 123 76 17
26 115 16 21
27 109 49 27
28 81 37 5
29 74 73 21
30 100 32 57
31 46 63 41
32 109 77 11
33 48 50 59
34 123 68 52
35 131 47 43
36 132 72 53
37 48 84 31
38 126 58 51
39 8 77 9
40 123 16 37
41 33 30 31
42 12 83 17
43 109 56 60
44 59 34 57
45 5 38 35
46 109 72 38
47 130 52 27
48 76 24 56
49 127 48 4
50 123 16 4
51 22 91 0
DEPOT_SECTION
1
EOF