NAME : 25_3_3_3_(04).dat
COMMENT : Henke, Speranza, Wäscher, 2018
TYPE : MCVRP
DIMENSION : 26
EDGE_WEIGHT_TYPE : DISTANCE_MATRIX
CAPACITY : 1875
VEHICLES : 3
PRODUCT TYPES : 3
COMPARTMENTS : 3
NODE_COORD_SECTION
1 50 50
2 80.81 93.84
3 24.13 8.64
4 3.87 55.78
5 50.42 15.52
6 53.48 36.82
7 80.53 35.55
8 61.32 72.2
9 97.08 96.56
10 59.28 45.57
11 25.74 61.69
12 56.66 92.26
13 79.44 88.64
14 44.03 73.19
15 13.59 81.71
16 43.66 92.27
17 12.86 51.07
18 7.19 44.34
19 62.58 11.77
20 7.96 62.18
21 85.08 37.14
22 34.99 77.3
23 51.28 54.29
24 61.96 56.64
25 3.08 51.7
26 61.52 91.7
DEMAND_SECTION
1 0 0 0
2 114 38 22
3 10 94 39
4 99 96 2
5 66 44 10
6 74 8 48
7 94 48 51
8 10 54 7
9 118 55 13
10 112 19 35
11 76 38 18
12 30 82 11
13 115 0 27
14 81 9 53
15 85 101 23
16 35 28 42
17 1 32 36
18 78 46 42
19 56 7 17
20 46 45 30
21 89 88 14
22 138 3 28
23 134 65 32
24 98 74 53
25 35 7 60
26 107 60 48
DEPOT_SECTION
1
EOF