NAME : 40_3_3_3_(02).dat
COMMENT : Henke, Speranza, Wäscher, 2018
TYPE : MCVRP
DIMENSION : 41
EDGE_WEIGHT_TYPE : DISTANCE_MATRIX
CAPACITY : 3000
VEHICLES : 2
PRODUCT TYPES : 3
COMPARTMENTS : 3
NODE_COORD_SECTION
1 50 50
2 9.35 4.77
3 88.88 57.93
4 87 30.77
5 53.08 11.09
6 0.89 75.18
7 13.42 8.99
8 53.05 56.72
9 43.4 16.83
10 3.48 87.71
11 26.85 7.84
12 22.49 21.83
13 77.1 65.61
14 36.84 16.08
15 43.03 3.25
16 96.52 78.16
17 29.19 92.36
18 16.15 10.21
19 90.45 11.71
20 22.63 69.16
21 45.45 94.64
22 90.49 88.54
23 36.98 74.24
24 19.7 82.03
25 94.42 2.54
26 20.69 56.6
27 9.27 22.44
28 82.52 55.65
29 0.5 59.58
30 89.07 42.82
31 27.09 51.17
32 33.39 31.85
33 22.57 13.06
34 3.73 99.05
35 49.34 38.84
36 53.24 17.61
37 7.35 76.83
38 11.69 1.33
39 1 57.34
40 15.21 73.56
41 22.25 92.82
DEMAND_SECTION
1 0 0 0
2 115 43 31
3 42 37 47
4 32 78 21
5 117 4 9
6 119 59 24
7 86 77 21
8 114 60 13
9 28 55 34
10 109 85 24
11 6 23 14
12 82 63 2
13 83 63 49
14 21 2 25
15 4 81 12
16 62 48 40
17 106 11 11
18 107 9 19
19 88 55 38
20 71 67 56
21 102 48 9
22 100 45 59
23 87 58 28
24 82 7 58
25 34 60 14
26 92 39 54
27 44 35 4
28 111 39 55
29 34 47 35
30 80 17 50
31 13 4 16
32 11 76 18
33 9 75 46
34 91 8 15
35 19 0 34
36 95 31 24
37 119 44 9
38 25 40 44
39 114 30 0
40 93 11 31
41 18 23 18
DEPOT_SECTION
1
EOF