NAME : 20_3_3_3_(02).dat
COMMENT : Henke, Speranza, Wäscher, 2018
TYPE : MCVRP
DIMENSION : 21
EDGE_WEIGHT_TYPE : DISTANCE_MATRIX
CAPACITY : 1500
VEHICLES : 2
PRODUCT TYPES : 3
COMPARTMENTS : 3
NODE_COORD_SECTION
1 50 50
2 65.17 78.29
3 95.32 24.85
4 21.42 86.6
5 3.64 85.17
6 82.83 78.81
7 2.36 4.47
8 66.68 65.16
9 61.49 66.32
10 60.74 20.24
11 1.1 42.82
12 26.2 19.19
13 34.36 14.93
14 50.38 88.9
15 71.79 47.58
16 74.39 42.17
17 98.22 52.86
18 64.57 83.47
19 24.03 41.02
20 97.51 60.53
21 66.98 18.33
DEMAND_SECTION
1 0 0 0
2 17 60 37
3 41 7 4
4 60 12 42
5 151 0 9
6 14 25 55
7 127 67 29
8 118 75 38
9 23 39 12
10 79 53 15
11 132 12 1
12 38 27 36
13 106 63 11
14 77 83 55
15 24 44 2
16 119 7 6
17 3 72 39
18 71 25 35
19 18 44 11
20 95 14 48
21 30 76 52
DEPOT_SECTION
1
EOF