NAME : 35_3_3_3_(05).dat
COMMENT : Henke, Speranza, Wäscher, 2018
TYPE : MCVRP
DIMENSION : 36
EDGE_WEIGHT_TYPE : DISTANCE_MATRIX
CAPACITY : 2625
VEHICLES : 2
PRODUCT TYPES : 3
COMPARTMENTS : 3
NODE_COORD_SECTION
1 50 50
2 63.48 82.82
3 44.9 57.12
4 40.46 86.57
5 21.29 11.46
6 87.72 71.73
7 58.13 27.82
8 9.84 65.66
9 13.82 16.27
10 27.5 83.64
11 23.67 69.94
12 8.37 91.76
13 79.77 11.44
14 94.68 39.81
15 67.18 18.51
16 85.98 51.67
17 95.21 11.92
18 4.01 6.19
19 34.2 83.64
20 10.6 68.39
21 30.66 84.09
22 20.87 14.67
23 66.46 83.16
24 76.39 94.89
25 73.32 36.13
26 62.34 82.96
27 63.82 80.07
28 74.56 55.51
29 67.05 2.48
30 50.02 34.72
31 8.58 97.07
32 11.19 98.51
33 27.31 54.6
34 14.53 12.05
35 9.3 18.99
36 21.58 14.88
DEMAND_SECTION
1 0 0 0
2 77 50 28
3 91 26 6
4 37 51 27
5 126 70 41
6 49 48 45
7 121 10 49
8 69 3 34
9 6 90 33
10 46 36 3
11 126 52 18
12 27 11 10
13 19 11 7
14 11 95 43
15 143 9 35
16 61 84 46
17 127 58 40
18 143 68 25
19 29 52 41
20 44 9 33
21 66 74 53
22 49 21 40
23 31 28 14
24 118 31 48
25 140 91 42
26 67 72 30
27 120 26 13
28 67 88 42
29 108 62 11
30 6 55 5
31 97 95 23
32 43 32 15
33 84 9 0
34 13 7 35
35 107 5 42
36 76 0 40
DEPOT_SECTION
1
EOF