NAME : 20_3_3_3_(03).dat
COMMENT : Henke, Speranza, Wäscher, 2018
TYPE : MCVRP
DIMENSION : 21
EDGE_WEIGHT_TYPE : DISTANCE_MATRIX
CAPACITY : 1500
VEHICLES : 2
PRODUCT TYPES : 3
COMPARTMENTS : 3
NODE_COORD_SECTION
1 50 50
2 25.19 38.42
3 54.98 71.47
4 33.55 40.06
5 73.12 4.37
6 29.43 88.52
7 78.69 67.9
8 64.76 15.34
9 68.09 35.98
10 71.03 53.25
11 8.46 13.56
12 37.92 66.7
13 59.22 0.14
14 42.08 8.58
15 98.33 43.45
16 65.62 75.94
17 68.4 16.59
18 39.48 56.9
19 27.8 41.91
20 61.89 1.58
21 32.44 67.38
DEMAND_SECTION
1 0 0 0
2 61 76 43
3 93 58 32
4 68 40 44
5 120 41 9
6 27 35 10
7 82 53 30
8 44 19 43
9 111 86 41
10 117 24 1
11 52 1 2
12 44 42 12
13 69 1 13
14 16 12 37
15 83 19 30
16 63 51 38
17 138 53 41
18 18 53 29
19 10 20 17
20 51 67 39
21 39 32 10
DEPOT_SECTION
1
EOF