NAME : 40_3_3_3_(03).dat
COMMENT : Henke, Speranza, Wäscher, 2018
TYPE : MCVRP
DIMENSION : 41
EDGE_WEIGHT_TYPE : DISTANCE_MATRIX
CAPACITY : 3000
VEHICLES : 3
PRODUCT TYPES : 3
COMPARTMENTS : 3
NODE_COORD_SECTION
1 50 50
2 4.36 60.82
3 6.31 75.65
4 44.05 25.59
5 87.48 7.62
6 96.35 95.96
7 6.75 11.46
8 62.87 96.36
9 98.98 79.12
10 59.13 2.13
11 21.03 10.59
12 3.42 12.19
13 38.52 62.42
14 59.05 3.34
15 52.61 23.6
16 26.71 70.9
17 25.65 9.05
18 49.19 6.54
19 92.7 42.67
20 58.9 62.63
21 77.75 5.12
22 85.91 30.69
23 3.39 24.35
24 74.03 44.93
25 44.72 3.85
26 33.11 55.45
27 61.09 25.54
28 47.62 3.42
29 67.19 58.79
30 92.8 93.8
31 55.5 46.55
32 4.35 80.99
33 93.24 55.25
34 14.57 67.24
35 42.61 21.32
36 25.9 20.45
37 46.13 25.42
38 8.04 54.1
39 36.39 14.72
40 14.48 75.68
41 22.98 89.39
DEMAND_SECTION
1 0 0 0
2 2 28 11
3 101 24 58
4 69 78 46
5 83 26 52
6 126 12 49
7 18 84 37
8 29 86 17
9 160 26 6
10 79 50 30
11 13 85 14
12 152 43 25
13 105 44 52
14 25 69 44
15 21 29 38
16 97 74 45
17 38 15 58
18 65 66 48
19 150 46 49
20 121 77 52
21 134 28 15
22 56 49 27
23 69 30 1
24 20 61 4
25 28 87 40
26 164 55 35
27 155 74 55
28 106 57 37
29 64 78 8
30 129 42 40
31 116 0 39
32 144 34 9
33 82 87 13
34 44 58 58
35 95 83 4
36 26 89 49
37 110 12 18
38 38 6 48
39 38 20 43
40 116 6 11
41 97 50 30
DEPOT_SECTION
1
EOF