NAME : 20_3_3_3_(05).dat
COMMENT : Henke, Speranza, Wäscher, 2018
TYPE : MCVRP
DIMENSION : 21
EDGE_WEIGHT_TYPE : DISTANCE_MATRIX
CAPACITY : 1500
VEHICLES : 2
PRODUCT TYPES : 3
COMPARTMENTS : 3
NODE_COORD_SECTION
1 50 50
2 21.9 24.23
3 13.94 8.44
4 47.32 4.5
5 39.96 18.68
6 17.49 53.91
7 11.83 9.37
8 20.59 75.25
9 82.88 16.04
10 16.59 74.25
11 15.37 33.07
12 70.55 47.36
13 57.78 3.44
14 62.6 63
15 14.66 31.14
16 91.82 54.67
17 41.99 99.76
18 6.02 57.8
19 9.78 17.15
20 70.28 32.2
21 37.34 80.59
DEMAND_SECTION
1 0 0 0
2 62 11 43
3 23 24 20
4 57 36 55
5 16 17 1
6 95 21 11
7 37 52 50
8 102 19 33
9 112 37 15
10 106 49 5
11 15 2 13
12 76 69 25
13 89 52 37
14 35 47 32
15 108 79 5
16 108 67 15
17 26 29 21
18 93 18 54
19 2 33 20
20 44 54 44
21 77 55 12
DEPOT_SECTION
1
EOF