NAME : 30_3_3_3_(04).dat
COMMENT : Henke, Speranza, Wäscher, 2018
TYPE : MCVRP
DIMENSION : 31
EDGE_WEIGHT_TYPE : DISTANCE_MATRIX
CAPACITY : 2250
VEHICLES : 2
PRODUCT TYPES : 3
COMPARTMENTS : 3
NODE_COORD_SECTION
1 50 50
2 15.03 91.48
3 11.45 43.39
4 99.45 74.35
5 75.58 64.66
6 11.38 11.74
7 82.58 25.36
8 38.95 80.55
9 3.37 44.06
10 13.12 80.82
11 31.73 21.47
12 70.8 3.96
13 20.69 70.08
14 36.28 34.18
15 2.02 9.4
16 74.74 0.92
17 48.76 51.26
18 6.68 12.58
19 53.09 58.25
20 88.77 72.45
21 19.71 25.73
22 76.75 85.77
23 13.24 99.71
24 95.57 86.33
25 19.34 24.17
26 32.39 30.12
27 72.61 59.43
28 73.08 5.75
29 58.24 41.93
30 2.44 6.51
31 51.09 10.14
DEMAND_SECTION
1 0 0 0
2 58 56 27
3 50 5 1
4 99 74 45
5 33 67 33
6 34 37 49
7 83 8 30
8 26 63 31
9 51 47 9
10 36 58 2
11 58 8 43
12 115 27 47
13 68 23 7
14 61 65 2
15 45 66 41
16 115 38 14
17 109 0 44
18 24 36 51
19 96 40 5
20 73 36 50
21 121 11 24
22 34 22 49
23 94 61 10
24 90 65 32
25 124 40 32
26 106 32 17
27 85 75 29
28 1 9 11
29 21 35 37
30 34 73 31
31 90 42 11
DEPOT_SECTION
1
EOF