NAME : 45_3_3_3_(05).dat
COMMENT : Henke, Speranza, Wäscher, 2018
TYPE : MCVRP
DIMENSION : 46
EDGE_WEIGHT_TYPE : DISTANCE_MATRIX
CAPACITY : 3375
VEHICLES : 2
PRODUCT TYPES : 3
COMPARTMENTS : 3
NODE_COORD_SECTION
1 50 50
2 74.86 33.45
3 28.02 21.9
4 54.52 53.6
5 78.22 47.72
6 50.56 2.89
7 93.46 31.17
8 57.03 24.78
9 7.26 54.76
10 13.38 97.41
11 78.29 67.11
12 2.08 13.83
13 42.11 74.97
14 15.72 87.79
15 49.47 24.68
16 89.68 49.31
17 1.35 76.28
18 67.63 8.88
19 61.21 14.18
20 97.67 5.3
21 20.58 1.83
22 5.1 0.98
23 81.54 81.67
24 93.02 3.88
25 87.59 38.48
26 56.98 3.03
27 23.61 42.51
28 37.32 37.27
29 42.21 70.9
30 88.95 86.61
31 71.21 49.71
32 47.86 75.48
33 65.76 15
34 86.26 75.67
35 91.97 64.79
36 23.42 70.34
37 7.41 36.96
38 34.97 34.87
39 44.8 14.29
40 87.31 83.46
41 55.61 57.89
42 86.65 71.1
43 30.38 25.56
44 11.99 16.81
45 74.02 54.78
46 93.87 3.81
DEMAND_SECTION
1 0 0 0
2 136 17 16
3 16 56 8
4 102 17 49
5 115 78 47
6 15 15 35
7 54 15 13
8 13 55 27
9 129 38 20
10 146 74 42
11 42 62 26
12 18 41 34
13 41 15 11
14 139 71 16
15 39 55 16
16 124 35 23
17 93 11 2
18 72 2 35
19 20 75 21
20 50 35 41
21 73 61 52
22 44 15 3
23 110 64 51
24 80 35 48
25 139 56 30
26 1 16 51
27 93 52 2
28 50 62 11
29 25 67 3
30 67 21 4
31 114 46 3
32 70 10 25
33 7 6 43
34 56 48 21
35 12 11 21
36 63 50 32
37 13 58 8
38 35 43 40
39 37 13 32
40 95 17 31
41 35 21 9
42 3 54 18
43 76 9 40
44 88 80 34
45 96 66 35
46 80 9 42
DEPOT_SECTION
1
EOF