NAME : 30_3_3_3_(01).dat
COMMENT : Henke, Speranza, Wäscher, 2018
TYPE : MCVRP
DIMENSION : 31
EDGE_WEIGHT_TYPE : DISTANCE_MATRIX
CAPACITY : 2250
VEHICLES : 2
PRODUCT TYPES : 3
COMPARTMENTS : 3
NODE_COORD_SECTION
1 50 50
2 95.93 32.82
3 3 12.71
4 72.11 61.3
5 99.42 19.04
6 7.34 85.3
7 1.56 51.51
8 66.58 36.49
9 70.9 41.5
10 8.69 87.86
11 86.53 59.72
12 63.13 56.18
13 2.01 70.19
14 87.57 40.12
15 37.99 92.7
16 81.38 6.01
17 21.16 61.38
18 46.33 44.6
19 38.24 56.92
20 13.95 87.33
21 84.93 4.51
22 92.65 61
23 30.62 16.8
24 79.89 69.37
25 25.14 89.08
26 11.21 37.53
27 8.41 66.24
28 29.83 16.76
29 35.1 93.23
30 80.8 8.68
31 72.46 6.71
DEMAND_SECTION
1 0 0 0
2 89 5 26
3 9 29 16
4 16 42 43
5 62 77 10
6 78 19 41
7 21 36 49
8 80 46 25
9 96 73 36
10 61 15 5
11 101 70 37
12 28 12 9
13 22 45 52
14 92 32 4
15 7 51 17
16 37 20 35
17 98 39 23
18 85 32 34
19 79 73 2
20 38 73 15
21 75 25 24
22 90 76 30
23 92 15 2
24 102 61 46
25 44 5 48
26 87 48 43
27 34 17 29
28 85 56 30
29 101 19 6
30 51 23 13
31 65 16 18
DEPOT_SECTION
1
EOF