NAME : 45_3_3_3_(02).dat
COMMENT : Henke, Speranza, Wäscher, 2018
TYPE : MCVRP
DIMENSION : 46
EDGE_WEIGHT_TYPE : DISTANCE_MATRIX
CAPACITY : 3375
VEHICLES : 2
PRODUCT TYPES : 3
COMPARTMENTS : 3
NODE_COORD_SECTION
1 50 50
2 56.63 85.13
3 3.61 66.69
4 45.38 60.37
5 27.56 2.13
6 14.32 64.15
7 49.55 59.53
8 86.67 30.82
9 5.86 63.36
10 29.91 67.25
11 75.29 0.06
12 9.25 78.41
13 47.69 15.65
14 63.86 90.02
15 58.7 11.65
16 65.91 52.89
17 17.65 0.23
18 90.11 28.57
19 91.59 6
20 83.1 41.05
21 74.14 19.64
22 65.03 66.42
23 8.4 91.05
24 14.17 72.9
25 12.26 67.18
26 15.93 38.48
27 28.07 72.83
28 12.19 9.53
29 87.77 28.98
30 91.89 21.29
31 70.87 62.23
32 92.84 20.54
33 20.48 50.77
34 0.3 12.9
35 48.3 41.85
36 16.8 64.55
37 55.5 77.14
38 18.17 49.6
39 34.16 54.65
40 96.14 20.85
41 31.62 23.49
42 93.59 44.55
43 8.66 14.34
44 69.38 85.73
45 96.75 29.39
46 39.03 81.99
DEMAND_SECTION
1 0 0 0
2 77 50 47
3 146 17 48
4 70 63 8
5 118 20 42
6 57 20 34
7 25 24 6
8 121 76 34
9 22 65 47
10 48 18 46
11 77 35 24
12 114 45 34
13 23 55 35
14 60 47 6
15 7 46 17
16 37 28 12
17 9 78 27
18 25 9 34
19 117 29 19
20 117 12 52
21 28 6 16
22 121 2 29
23 60 65 47
24 25 65 21
25 66 54 44
26 1 9 9
27 7 38 10
28 137 50 18
29 16 38 31
30 127 65 1
31 12 82 4
32 79 10 46
33 80 54 54
34 22 20 21
35 7 19 45
36 23 36 4
37 7 31 53
38 85 28 37
39 104 30 23
40 123 17 11
41 142 76 22
42 111 59 9
43 94 77 12
44 75 46 38
45 82 65 19
46 76 14 0
DEPOT_SECTION
1
EOF