NAME : 45_3_3_3_(04).dat
COMMENT : Henke, Speranza, Wäscher, 2018
TYPE : MCVRP
DIMENSION : 46
EDGE_WEIGHT_TYPE : DISTANCE_MATRIX
CAPACITY : 3375
VEHICLES : 3
PRODUCT TYPES : 3
COMPARTMENTS : 3
NODE_COORD_SECTION
1 50 50
2 33.4 26.62
3 79.15 70.23
4 57.56 19.63
5 41.74 4.99
6 31.12 5.93
7 61.88 7.4
8 92.53 1.51
9 12.3 54.93
10 18.35 7.46
11 10.47 51.98
12 50.41 9.45
13 97.51 44.8
14 88.08 57.23
15 76.63 19.42
16 83.94 3.26
17 57.5 64.92
18 97.32 4.65
19 89.08 15.88
20 37.78 33.48
21 82.69 57.99
22 93.22 50.54
23 18.64 36.73
24 23.8 9.11
25 78.24 37.92
26 99.28 60.72
27 37.46 84.38
28 1.28 1.75
29 25.68 89.89
30 17.12 82.15
31 4.46 54.9
32 23.47 95.2
33 87.72 43.41
34 11.6 21.54
35 23.39 48.56
36 82.69 43.84
37 62.43 3.42
38 39.14 98.75
39 44.11 65.99
40 38.81 4.2
41 93.23 45.45
42 87.08 68.87
43 7.11 89.92
44 7.92 75.24
45 43.4 94.65
46 66.97 12.95
DEMAND_SECTION
1 0 0 0
2 132 24 36
3 119 60 46
4 4 83 38
5 22 9 54
6 50 33 62
7 23 31 28
8 81 81 33
9 69 65 40
10 128 68 33
11 129 85 39
12 70 26 56
13 12 47 4
14 103 51 44
15 116 17 50
16 29 77 45
17 91 80 30
18 72 58 48
19 38 31 1
20 117 70 40
21 51 12 37
22 113 76 15
23 135 85 58
24 94 82 20
25 32 51 12
26 141 24 22
27 65 11 28
28 91 29 28
29 95 59 28
30 117 35 18
31 6 43 15
32 106 3 25
33 130 55 41
34 135 44 24
35 84 66 42
36 141 22 9
37 108 82 34
38 9 32 15
39 91 56 52
40 12 36 6
41 75 59 52
42 142 77 1
43 133 60 18
44 97 38 52
45 32 74 54
46 86 28 58
DEPOT_SECTION
1
EOF