NAME : 50_3_3_3_(01).dat
COMMENT : Henke, Speranza, Wäscher, 2018
TYPE : MCVRP
DIMENSION : 51
EDGE_WEIGHT_TYPE : DISTANCE_MATRIX
CAPACITY : 3750
VEHICLES : 3
PRODUCT TYPES : 3
COMPARTMENTS : 3
NODE_COORD_SECTION
1 50 50
2 46.17 84.69
3 66.04 75.57
4 27.82 90.78
5 60.06 32.59
6 88.29 6.77
7 99.2 45.19
8 15.79 49.81
9 27.36 40.7
10 38.26 38.02
11 50.04 33.34
12 16.83 83.14
13 53.08 4.47
14 50.23 47.91
15 3.37 45.9
16 87.76 90.84
17 63.75 17.78
18 99.07 93.34
19 44.22 3.62
20 26.25 27.57
21 30.87 12.14
22 98.38 19.71
23 56.21 14.86
24 8.25 73.32
25 95.45 58.32
26 85.02 7.51
27 18.51 61.42
28 74.88 51.32
29 15.98 53.5
30 19.07 72.3
31 96.92 25.48
32 62.49 69.95
33 47.13 15.57
34 77.94 82.49
35 28.92 57.41
36 16.1 50.27
37 91.15 79.88
38 27.58 45.73
39 62.79 29.25
40 73.75 49.88
41 70.96 9.35
42 98.42 4.1
43 13.86 22.79
44 34.15 27.68
45 95.6 83.89
46 4.65 40.84
47 57.83 43.58
48 78.29 66.62
49 49.19 92.42
50 63.66 29.82
51 7.41 1.67
DEMAND_SECTION
1 0 0 0
2 98 58 59
3 125 10 57
4 166 87 38
5 25 80 11
6 88 48 64
7 160 47 14
8 157 38 35
9 56 40 28
10 79 14 0
11 101 92 41
12 68 63 40
13 90 92 38
14 73 75 65
15 64 11 64
16 84 52 62
17 125 15 5
18 3 94 12
19 25 78 9
20 20 5 66
21 125 38 47
22 105 55 13
23 35 42 5
24 24 87 52
25 57 41 43
26 81 4 6
27 152 69 39
28 95 11 53
29 157 39 8
30 130 45 17
31 8 66 18
32 88 48 58
33 137 90 60
34 95 22 7
35 66 66 65
36 39 58 61
37 154 11 16
38 160 92 63
39 25 20 38
40 34 95 13
41 140 32 24
42 42 41 50
43 113 12 58
44 81 96 12
45 56 94 13
46 68 16 23
47 117 84 44
48 147 28 27
49 118 64 5
50 81 83 30
51 7 58 62
DEPOT_SECTION
1
EOF