NAME : 35_3_3_3_(02).dat
COMMENT : Henke, Speranza, Wäscher, 2018
TYPE : MCVRP
DIMENSION : 36
EDGE_WEIGHT_TYPE : DISTANCE_MATRIX
CAPACITY : 2625
VEHICLES : 2
PRODUCT TYPES : 3
COMPARTMENTS : 3
NODE_COORD_SECTION
1 50 50
2 17.18 65.51
3 62.94 56.99
4 43.35 70.7
5 40.39 2.37
6 94.64 62.26
7 1.98 91.34
8 52.57 12.36
9 10.74 15.47
10 10.74 11.59
11 35.66 0.24
12 37.7 83.26
13 31.13 82.32
14 7.4 4.89
15 59.84 19.73
16 11.55 74.12
17 23.39 9.31
18 97.28 40.81
19 2.61 42.72
20 78.33 65.6
21 78.15 22.07
22 35.64 69.55
23 10 25.97
24 70.61 60.31
25 52.7 74.91
26 28.68 57.19
27 78.96 31.41
28 78.1 19.63
29 77.43 39.14
30 38.14 50.34
31 86.65 32.06
32 11.23 77.64
33 24.88 22.12
34 65.32 11.63
35 77.63 18.24
36 56.42 4.42
DEMAND_SECTION
1 0 0 0
2 37 2 47
3 22 78 14
4 74 45 50
5 131 56 25
6 37 48 44
7 8 45 8
8 56 21 42
9 130 38 58
10 79 15 8
11 102 71 46
12 53 73 19
13 147 82 30
14 6 7 7
15 154 11 1
16 19 58 31
17 49 56 44
18 97 39 9
19 127 60 13
20 86 64 5
21 3 74 19
22 97 74 44
23 99 7 24
24 29 81 5
25 108 57 57
26 2 81 7
27 85 69 54
28 88 29 30
29 100 18 39
30 102 6 66
31 133 30 17
32 32 27 1
33 32 29 6
34 36 1 66
35 2 22 0
36 137 29 63
DEPOT_SECTION
1
EOF