NAME : 50_3_3_3_(02).dat
COMMENT : Henke, Speranza, Wäscher, 2018
TYPE : MCVRP
DIMENSION : 51
EDGE_WEIGHT_TYPE : DISTANCE_MATRIX
CAPACITY : 3750
VEHICLES : 3
PRODUCT TYPES : 3
COMPARTMENTS : 3
NODE_COORD_SECTION
1 50 50
2 75.89 26.77
3 98.67 89.49
4 52.99 5.5
5 13.21 37.06
6 60.25 80.28
7 0.17 1.03
8 2.45 99.47
9 22.31 93.26
10 56.53 41.74
11 74.63 44.11
12 59.88 51.83
13 92.74 69.19
14 47.1 11.57
15 65.8 14.23
16 88.06 4.94
17 9.77 27.41
18 14.05 19.01
19 44.18 25.17
20 35.9 36.85
21 54.11 91.95
22 17.44 85.67
23 10.23 77.95
24 80.68 0.72
25 77.49 80.16
26 56.87 80.87
27 57.72 21.62
28 19.7 0.61
29 9.17 24.66
30 93.28 22.46
31 80.33 31.83
32 77.52 40.47
33 41.15 14.7
34 47.8 58.73
35 89.18 91.97
36 96.49 26.53
37 5.78 61.69
38 60.8 34.15
39 79.95 59.85
40 70.52 87.44
41 9.07 88.58
42 17.33 25.59
43 98.42 13.8
44 55.96 80.08
45 41.07 21.89
46 77.36 51.52
47 61.76 84.37
48 4.24 53.2
49 67.84 24.66
50 4.58 0.88
51 6.08 43.89
DEMAND_SECTION
1 0 0 0
2 41 86 15
3 98 70 40
4 64 105 24
5 121 46 15
6 58 50 17
7 120 51 44
8 32 2 28
9 100 32 36
10 150 46 61
11 18 71 16
12 23 9 56
13 127 19 14
14 51 83 22
15 59 8 45
16 141 7 46
17 121 42 23
18 5 33 25
19 47 16 64
20 53 113 18
21 130 14 30
22 148 60 14
23 21 91 64
24 62 70 29
25 27 98 29
26 129 102 46
27 138 14 38
28 148 57 17
29 100 88 18
30 114 41 25
31 130 11 3
32 27 68 32
33 80 33 18
34 132 110 66
35 8 15 46
36 147 43 64
37 115 46 56
38 118 36 1
39 92 34 33
40 127 32 29
41 97 88 3
42 124 102 41
43 77 36 39
44 36 51 64
45 42 17 44
46 89 38 17
47 114 83 27
48 44 20 61
49 73 100 44
50 53 20 16
51 36 21 57
DEPOT_SECTION
1
EOF