NAME : 25_3_3_3_(02).dat
COMMENT : Henke, Speranza, Wäscher, 2018
TYPE : MCVRP
DIMENSION : 26
EDGE_WEIGHT_TYPE : DISTANCE_MATRIX
CAPACITY : 1875
VEHICLES : 3
PRODUCT TYPES : 3
COMPARTMENTS : 3
NODE_COORD_SECTION
1 50 50
2 35.82 17.54
3 79.5 63.8
4 6.61 70.1
5 96.67 17.33
6 1.94 24.68
7 86.28 52.61
8 42.1 23.11
9 16.88 88.53
10 22.44 88.99
11 54.53 43.63
12 11.48 51
13 17.17 41.93
14 78.46 79.79
15 15.21 4.14
16 96.76 80.35
17 7 1
18 99.45 60.02
19 93.23 19.86
20 95.02 16.07
21 59.07 21.22
22 15.08 52.19
23 24.91 13.17
24 38.76 38.43
25 37.64 98.94
26 11.88 68.45
DEMAND_SECTION
1 0 0 0
2 143 82 37
3 77 26 5
4 94 58 46
5 109 14 10
6 25 85 49
7 135 53 18
8 26 14 10
9 152 70 23
10 77 4 24
11 132 35 7
12 99 17 32
13 77 53 35
14 16 36 45
15 115 64 46
16 161 14 22
17 97 41 59
18 63 85 35
19 8 61 23
20 44 36 52
21 81 70 60
22 38 43 4
23 44 79 53
24 2 33 6
25 16 40 15
26 79 34 50
DEPOT_SECTION
1
EOF