NAME : 25_3_3_3_(01).dat
COMMENT : Henke, Speranza, Wäscher, 2018
TYPE : MCVRP
DIMENSION : 26
EDGE_WEIGHT_TYPE : DISTANCE_MATRIX
CAPACITY : 1875
VEHICLES : 2
PRODUCT TYPES : 3
COMPARTMENTS : 3
NODE_COORD_SECTION
1 50 50
2 12.13 45.5
3 41.6 23.53
4 64.95 59.9
5 11.18 54.7
6 33.96 73.93
7 79.95 76.59
8 69.13 83.62
9 47.52 57.24
10 44.78 33.05
11 82.77 29.06
12 39.78 48.64
13 25.78 77.58
14 20.95 74.56
15 14.13 15.99
16 24.07 58.2
17 31.23 36.39
18 9.42 81.58
19 6.26 17.25
20 80.1 47.45
21 88.22 48.15
22 82.81 77.6
23 28.26 90.05
24 87.46 21.33
25 86.58 1.74
26 31.35 42.43
DEMAND_SECTION
1 0 0 0
2 7 51 16
3 129 26 42
4 41 53 31
5 74 11 45
6 89 7 34
7 18 71 15
8 24 39 35
9 108 2 11
10 36 41 30
11 92 74 30
12 50 74 2
13 51 65 35
14 119 44 25
15 0 0 39
16 48 58 41
17 139 65 40
18 82 35 23
19 30 22 2
20 31 33 19
21 68 14 16
22 104 9 32
23 26 63 6
24 142 25 19
25 63 66 27
26 18 5 21
DEPOT_SECTION
1
EOF