NAME : 40_3_3_3_(05).dat
COMMENT : Henke, Speranza, Wäscher, 2018
TYPE : MCVRP
DIMENSION : 41
EDGE_WEIGHT_TYPE : DISTANCE_MATRIX
CAPACITY : 3000
VEHICLES : 2
PRODUCT TYPES : 3
COMPARTMENTS : 3
NODE_COORD_SECTION
1 50 50
2 54.79 26.06
3 59.45 19.59
4 84.18 77.11
5 42.97 71.59
6 45.87 22.5
7 12.26 78.4
8 15.96 98.52
9 13.15 91.47
10 20.16 45.68
11 35.16 19.33
12 37.62 97.36
13 12.34 96
14 15.41 62.79
15 40.43 91.42
16 99.58 51.03
17 99.26 40.9
18 70.71 95.03
19 72.55 60.42
20 79.34 41.27
21 2.9 5.78
22 96.69 17.5
23 29.66 99.78
24 52.98 11.96
25 53.72 68.36
26 14.42 98.04
27 98.24 31.18
28 73.78 82.52
29 49.59 11.19
30 24.54 6.72
31 28.81 35.83
32 42.53 32.27
33 41.22 88.55
34 72.69 8.88
35 97.23 10.84
36 12.75 6.49
37 69.26 87.42
38 55.9 1.25
39 72.98 34.78
40 81.33 61.19
41 80.83 93.19
DEMAND_SECTION
1 0 0 0
2 43 50 30
3 67 55 9
4 67 64 25
5 56 53 34
6 95 25 14
7 75 66 29
8 16 62 19
9 3 56 24
10 22 22 6
11 43 30 2
12 73 45 34
13 36 30 23
14 52 0 3
15 30 2 47
16 9 30 4
17 95 46 11
18 69 39 12
19 83 1 42
20 73 67 15
21 103 73 35
22 113 41 9
23 76 41 45
24 52 1 41
25 73 65 4
26 113 11 44
27 144 47 11
28 132 35 48
29 67 16 0
30 115 34 49
31 89 60 25
32 43 53 6
33 70 10 39
34 22 12 49
35 105 73 14
36 45 34 51
37 10 61 19
38 1 39 36
39 29 46 26
40 78 20 45
41 47 3 34
DEPOT_SECTION
1
EOF